{
  "accessors": [
    {
      "bufferView": 2,
      "componentType": 5126,
      "count": 65532,
      "max": [
        9.371277809143066,
        -20.948450088500977,
        -22.17098617553711
      ],
      "min": [
        -11.878622055053711,
        -40.3051872253418,
        -32.52131271362305
      ],
      "type": "VEC3"
    },
    {
      "bufferView": 2,
      "byteOffset": 786384,
      "componentType": 5126,
      "count": 65532,
      "max": [
        0.9980210065841675,
        0.9996652603149414,
        0.999999463558197
      ],
      "min": [
        -0.9997101426124573,
        -0.9999452829360962,
        -0.9593595266342163
      ],
      "type": "VEC3"
    },
    {
      "bufferView": 1,
      "componentType": 5126,
      "count": 65532,
      "max": [
        0.8808220028877258,
        0.518887996673584
      ],
      "min": [
        0.0011399999493733048,
        0.17361299693584442
      ],
      "type": "VEC2"
    },
    {
      "bufferView": 0,
      "componentType": 5125,
      "count": 353541,
      "type": "SCALAR"
    },
    {
      "bufferView": 2,
      "byteOffset": 1572768,
      "componentType": 5126,
      "count": 65532,
      "max": [
        9.75480842590332,
        -19.154556274414063,
        -21.637767791748047
      ],
      "min": [
        -11.778372764587402,
        -41.844844818115234,
        -34.2434196472168
      ],
      "type": "VEC3"
    },
    {
      "bufferView": 2,
      "byteOffset": 2359152,
      "componentType": 5126,
      "count": 65532,
      "max": [
        0.9998882412910461,
        0.9988130331039429,
        0.9999985694885254
      ],
      "min": [
        -0.9995262622833252,
        -0.9999460577964783,
        -0.9999200701713562
      ],
      "type": "VEC3"
    },
    {
      "bufferView": 1,
      "byteOffset": 524256,
      "componentType": 5126,
      "count": 65532,
      "max": [
        0.9688509702682495,
        0.7073339819908142
      ],
      "min": [
        7.500000356230885e-05,
        0.2146109938621521
      ],
      "type": "VEC2"
    },
    {
      "bufferView": 0,
      "byteOffset": 1414164,
      "componentType": 5125,
      "count": 341790,
      "type": "SCALAR"
    },
    {
      "bufferView": 2,
      "byteOffset": 3145536,
      "componentType": 5126,
      "count": 65532,
      "max": [
        7.444599151611328,
        6.103844165802002,
        -10.589494705200195
      ],
      "min": [
        -8.539029121398926,
        -43.556888580322266,
        -34.946044921875
      ],
      "type": "VEC3"
    },
    {
      "bufferView": 2,
      "byteOffset": 3931920,
      "componentType": 5126,
      "count": 65532,
      "max": [
        0.9999874830245972,
        0.9999512434005737,
        0.9999998211860657
      ],
      "min": [
        -0.9986108541488647,
        -0.9999957084655762,
        -0.9913574457168579
      ],
      "type": "VEC3"
    },
    {
      "bufferView": 1,
      "byteOffset": 1048512,
      "componentType": 5126,
      "count": 65532,
      "max": [
        0.9104589819908142,
        0.8171730041503906
      ],
      "min": [
        0.002463999902829528,
        0.0
      ],
      "type": "VEC2"
    },
    {
      "bufferView": 0,
      "byteOffset": 2781324,
      "componentType": 5125,
      "count": 351045,
      "type": "SCALAR"
    },
    {
      "bufferView": 2,
      "byteOffset": 4718304,
      "componentType": 5126,
      "count": 65532,
      "max": [
        6.344030857086182,
        6.0449748039245605,
        -10.8048095703125
      ],
      "min": [
        -11.602437019348145,
        -62.98067092895508,
        -48.12702941894531
      ],
      "type": "VEC3"
    },
    {
      "bufferView": 2,
      "byteOffset": 5504688,
      "componentType": 5126,
      "count": 65532,
      "max": [
        0.9999939799308777,
        0.9998651742935181,
        1.0
      ],
      "min": [
        -0.996986448764801,
        -0.999909520149231,
        -0.9966223239898682
      ],
      "type": "VEC3"
    },
    {
      "bufferView": 1,
      "byteOffset": 1572768,
      "componentType": 5126,
      "count": 65532,
      "max": [
        0.9734299778938293,
        0.9511489868164063
      ],
      "min": [
        0.001990000018849969,
        0.026128999888896942
      ],
      "type": "VEC2"
    },
    {
      "bufferView": 0,
      "byteOffset": 4185504,
      "componentType": 5125,
      "count": 356559,
      "type": "SCALAR"
    },
    {
      "bufferView": 2,
      "byteOffset": 6291072,
      "componentType": 5126,
      "count": 65532,
      "max": [
        7.040342807769775,
        -6.6788649559021,
        -14.568446159362793
      ],
      "min": [
        -10.251334190368652,
        -61.265777587890625,
        -46.056941986083984
      ],
      "type": "VEC3"
    },
    {
      "bufferView": 2,
      "byteOffset": 7077456,
      "componentType": 5126,
      "count": 65532,
      "max": [
        0.9996737241744995,
        0.9998827576637268,
        0.9999945759773254
      ],
      "min": [
        -0.9999047517776489,
        -0.9998223185539246,
        -0.9979947209358215
      ],
      "type": "VEC3"
    },
    {
      "bufferView": 1,
      "byteOffset": 2097024,
      "componentType": 5126,
      "count": 65532,
      "max": [
        0.7101089954376221,
        0.8005290031433105
      ],
      "min": [
        0.0058120000176131725,
        0.11845199763774872
      ],
      "type": "VEC2"
    },
    {
      "bufferView": 0,
      "byteOffset": 5611740,
      "componentType": 5125,
      "count": 359085,
      "type": "SCALAR"
    },
    {
      "bufferView": 2,
      "byteOffset": 7863840,
      "componentType": 5126,
      "count": 65532,
      "max": [
        3.824434995651245,
        -7.78710412979126,
        -15.617070198059082
      ],
      "min": [
        -9.307809829711914,
        -51.59614562988281,
        -39.75471115112305
      ],
      "type": "VEC3"
    },
    {
      "bufferView": 2,
      "byteOffset": 8650224,
      "componentType": 5126,
      "count": 65532,
      "max": [
        0.9999160766601563,
        0.9977495074272156,
        0.9999964237213135
      ],
      "min": [
        -0.9998654127120972,
        -0.9993873238563538,
        -0.9985911846160889
      ],
      "type": "VEC3"
    },
    {
      "bufferView": 1,
      "byteOffset": 2621280,
      "componentType": 5126,
      "count": 65532,
      "max": [
        0.6906219720840454,
        0.9736319780349731
      ],
      "min": [
        0.024731000885367393,
        0.017981000244617462
      ],
      "type": "VEC2"
    },
    {
      "bufferView": 0,
      "byteOffset": 7048080,
      "componentType": 5125,
      "count": 348159,
      "type": "SCALAR"
    },
    {
      "bufferView": 2,
      "byteOffset": 9436608,
      "componentType": 5126,
      "count": 65532,
      "max": [
        6.792388916015625,
        -39.39185333251953,
        -31.808942794799805
      ],
      "min": [
        -9.056927680969238,
        -58.438079833984375,
        -44.0605354309082
      ],
      "type": "VEC3"
    },
    {
      "bufferView": 2,
      "byteOffset": 10222992,
      "componentType": 5126,
      "count": 65532,
      "max": [
        0.9999881386756897,
        0.9995810389518738,
        0.9999791383743286
      ],
      "min": [
        -0.9996907711029053,
        -0.9996013641357422,
        -0.9994243383407593
      ],
      "type": "VEC3"
    },
    {
      "bufferView": 1,
      "byteOffset": 3145536,
      "componentType": 5126,
      "count": 65532,
      "max": [
        0.9997360110282898,
        0.9665349721908569
      ],
      "min": [
        0.0053159999661147594,
        0.057948999106884
      ],
      "type": "VEC2"
    },
    {
      "bufferView": 0,
      "byteOffset": 8440716,
      "componentType": 5125,
      "count": 338208,
      "type": "SCALAR"
    },
    {
      "bufferView": 2,
      "byteOffset": 11009376,
      "componentType": 5126,
      "count": 65532,
      "max": [
        9.36724853515625,
        1.7354350090026855,
        -11.48280143737793
      ],
      "min": [
        -7.875214099884033,
        -58.94683837890625,
        -44.399009704589844
      ],
      "type": "VEC3"
    },
    {
      "bufferView": 2,
      "byteOffset": 11795760,
      "componentType": 5126,
      "count": 65532,
      "max": [
        0.9999905228614807,
        0.9971845149993896,
        0.9999966621398926
      ],
      "min": [
        -0.9996787309646606,
        -0.9999788403511047,
        -0.9997114539146423
      ],
      "type": "VEC3"
    },
    {
      "bufferView": 1,
      "byteOffset": 3669792,
      "componentType": 5126,
      "count": 65532,
      "max": [
        0.9986209869384766,
        0.9747719764709473
      ],
      "min": [
        0.0023719999007880688,
        0.005913000088185072
      ],
      "type": "VEC2"
    },
    {
      "bufferView": 0,
      "byteOffset": 9793548,
      "componentType": 5125,
      "count": 350571,
      "type": "SCALAR"
    },
    {
      "bufferView": 2,
      "byteOffset": 12582144,
      "componentType": 5126,
      "count": 65532,
      "max": [
        10.070059776306152,
        6.767319202423096,
        -10.60647964477539
      ],
      "min": [
        -11.527552604675293,
        -55.84376525878906,
        -43.68368911743164
      ],
      "type": "VEC3"
    },
    {
      "bufferView": 2,
      "byteOffset": 13368528,
      "componentType": 5126,
      "count": 65532,
      "max": [
        0.9999774694442749,
        0.9997204542160034,
        0.9999988079071045
      ],
      "min": [
        -0.999715268611908,
        -0.9999760389328003,
        -0.999319314956665
      ],
      "type": "VEC3"
    },
    {
      "bufferView": 1,
      "byteOffset": 4194048,
      "componentType": 5126,
      "count": 65532,
      "max": [
        1.0,
        0.9698439836502075
      ],
      "min": [
        0.0022879999596625566,
        0.002119000069797039
      ],
      "type": "VEC2"
    },
    {
      "bufferView": 0,
      "byteOffset": 11195832,
      "componentType": 5125,
      "count": 339861,
      "type": "SCALAR"
    },
    {
      "bufferView": 2,
      "byteOffset": 14154912,
      "componentType": 5126,
      "count": 65532,
      "max": [
        9.934908866882324,
        5.218334197998047,
        -10.54168701171875
      ],
      "min": [
        -13.562003135681152,
        -66.36273956298828,
        -48.96126937866211
      ],
      "type": "VEC3"
    },
    {
      "bufferView": 2,
      "byteOffset": 14941296,
      "componentType": 5126,
      "count": 65532,
      "max": [
        0.9999748468399048,
        0.9998601078987122,
        0.9999957084655762
      ],
      "min": [
        -0.9999645352363586,
        -0.9998176693916321,
        -0.9979837536811829
      ],
      "type": "VEC3"
    },
    {
      "bufferView": 1,
      "byteOffset": 4718304,
      "componentType": 5126,
      "count": 65532,
      "max": [
        0.9989290237426758,
        0.9724360108375549
      ],
      "min": [
        0.05389799922704697,
        0.014023000374436378
      ],
      "type": "VEC2"
    },
    {
      "bufferView": 0,
      "byteOffset": 12555276,
      "componentType": 5125,
      "count": 329154,
      "type": "SCALAR"
    },
    {
      "bufferView": 2,
      "byteOffset": 15727680,
      "componentType": 5126,
      "count": 65532,
      "max": [
        9.67314338684082,
        6.824748992919922,
        -12.017032623291016
      ],
      "min": [
        -12.570999145507813,
        -68.46714782714844,
        -51.578556060791016
      ],
      "type": "VEC3"
    },
    {
      "bufferView": 2,
      "byteOffset": 16514064,
      "componentType": 5126,
      "count": 65532,
      "max": [
        0.9999967217445374,
        0.9999918341636658,
        0.9999988079071045
      ],
      "min": [
        -0.9999872446060181,
        -0.9996424317359924,
        -0.9992507100105286
      ],
      "type": "VEC3"
    },
    {
      "bufferView": 1,
      "byteOffset": 5242560,
      "componentType": 5126,
      "count": 65532,
      "max": [
        1.0,
        0.9740380048751831
      ],
      "min": [
        0.00012599999899975955,
        0.015592999756336212
      ],
      "type": "VEC2"
    },
    {
      "bufferView": 0,
      "byteOffset": 13871892,
      "componentType": 5125,
      "count": 286044,
      "type": "SCALAR"
    },
    {
      "bufferView": 2,
      "byteOffset": 17300448,
      "componentType": 5126,
      "count": 65533,
      "max": [
        11.738344192504883,
        -16.87991714477539,
        -20.412525177001953
      ],
      "min": [
        -7.60073709487915,
        -65.82679748535156,
        -48.42506790161133
      ],
      "type": "VEC3"
    },
    {
      "bufferView": 2,
      "byteOffset": 18086844,
      "componentType": 5126,
      "count": 65533,
      "max": [
        0.9999816417694092,
        0.9998589158058167,
        0.9999859929084778
      ],
      "min": [
        -0.9999414086341858,
        -0.9987345933914185,
        -0.9991507530212402
      ],
      "type": "VEC3"
    },
    {
      "bufferView": 1,
      "byteOffset": 5766816,
      "componentType": 5126,
      "count": 65533,
      "max": [
        0.9996830224990845,
        0.951026976108551
      ],
      "min": [
        0.001967000076547265,
        0.006887999828904867
      ],
      "type": "VEC2"
    },
    {
      "bufferView": 0,
      "byteOffset": 15016068,
      "componentType": 5125,
      "count": 322266,
      "type": "SCALAR"
    },
    {
      "bufferView": 2,
      "byteOffset": 18873240,
      "componentType": 5126,
      "count": 57084,
      "max": [
        11.449292182922363,
        6.212535858154297,
        -10.735600471496582
      ],
      "min": [
        -7.619362831115723,
        -66.87808227539063,
        -50.28742599487305
      ],
      "type": "VEC3"
    },
    {
      "bufferView": 2,
      "byteOffset": 19558248,
      "componentType": 5126,
      "count": 57084,
      "max": [
        0.9999942779541016,
        0.9999233484268188,
        0.999999463558197
      ],
      "min": [
        -0.9998549222946167,
        -0.999909520149231,
        -0.9998295307159424
      ],
      "type": "VEC3"
    },
    {
      "bufferView": 1,
      "byteOffset": 6291080,
      "componentType": 5126,
      "count": 57084,
      "max": [
        0.9999420046806335,
        0.9728249907493591
      ],
      "min": [
        0.0032889998983591795,
        0.006287999916821718
      ],
      "type": "VEC2"
    },
    {
      "bufferView": 0,
      "byteOffset": 16305132,
      "componentType": 5125,
      "count": 178098,
      "type": "SCALAR"
    }
  ],
  "asset": {
    "extras": {
      "author": "andrew.icie (https://sketchfab.com/andrew.icie)",
      "license": "CC-BY-4.0 (http://creativecommons.org/licenses/by/4.0/)",
      "source": "https://sketchfab.com/3d-models/walkway-at-carnikava-coast-8278544c960d4f5ba80e7c69f5cdf2e0",
      "title": "Walkway at Carnikava coast"
    },
    "generator": "Sketchfab-12.64.0",
    "version": "2.0"
  },
  "bufferViews": [
    {
      "buffer": 0,
      "byteLength": 17017524,
      "name": "floatBufferViews",
      "target": 34963
    },
    {
      "buffer": 0,
      "byteLength": 6747752,
      "byteOffset": 17017524,
      "byteStride": 8,
      "name": "floatBufferViews",
      "target": 34962
    },
    {
      "buffer": 0,
      "byteLength": 20243256,
      "byteOffset": 23765276,
      "byteStride": 12,
      "name": "floatBufferViews",
      "target": 34962
    }
  ],
  "buffers": [
    {
      "byteLength": 44008532,
      "uri": "scene.bin"
    }
  ],
  "images": [
    {
      "uri": "textures/mat-0_baseColor.jpeg"
    }
  ],
  "materials": [
    {
      "doubleSided": true,
      "name": "mat-0",
      "pbrMetallicRoughness": {
        "baseColorTexture": {
          "index": 0
        },
        "metallicFactor": 0.0
      }
    }
  ],
  "meshes": [
    {
      "name": "mat-0",
      "primitives": [
        {
          "attributes": {
            "NORMAL": 1,
            "POSITION": 0,
            "TEXCOORD_0": 2
          },
          "indices": 3,
          "material": 0,
          "mode": 4
        }
      ]
    },
    {
      "name": "mat-0",
      "primitives": [
        {
          "attributes": {
            "NORMAL": 5,
            "POSITION": 4,
            "TEXCOORD_0": 6
          },
          "indices": 7,
          "material": 0,
          "mode": 4
        }
      ]
    },
    {
      "name": "mat-0",
      "primitives": [
        {
          "attributes": {
            "NORMAL": 9,
            "POSITION": 8,
            "TEXCOORD_0": 10
          },
          "indices": 11,
          "material": 0,
          "mode": 4
        }
      ]
    },
    {
      "name": "mat-0",
      "primitives": [
        {
          "attributes": {
            "NORMAL": 13,
            "POSITION": 12,
            "TEXCOORD_0": 14
          },
          "indices": 15,
          "material": 0,
          "mode": 4
        }
      ]
    },
    {
      "name": "mat-0",
      "primitives": [
        {
          "attributes": {
            "NORMAL": 17,
            "POSITION": 16,
            "TEXCOORD_0": 18
          },
          "indices": 19,
          "material": 0,
          "mode": 4
        }
      ]
    },
    {
      "name": "mat-0",
      "primitives": [
        {
          "attributes": {
            "NORMAL": 21,
            "POSITION": 20,
            "TEXCOORD_0": 22
          },
          "indices": 23,
          "material": 0,
          "mode": 4
        }
      ]
    },
    {
      "name": "mat-0",
      "primitives": [
        {
          "attributes": {
            "NORMAL": 25,
            "POSITION": 24,
            "TEXCOORD_0": 26
          },
          "indices": 27,
          "material": 0,
          "mode": 4
        }
      ]
    },
    {
      "name": "mat-0",
      "primitives": [
        {
          "attributes": {
            "NORMAL": 29,
            "POSITION": 28,
            "TEXCOORD_0": 30
          },
          "indices": 31,
          "material": 0,
          "mode": 4
        }
      ]
    },
    {
      "name": "mat-0",
      "primitives": [
        {
          "attributes": {
            "NORMAL": 33,
            "POSITION": 32,
            "TEXCOORD_0": 34
          },
          "indices": 35,
          "material": 0,
          "mode": 4
        }
      ]
    },
    {
      "name": "mat-0",
      "primitives": [
        {
          "attributes": {
            "NORMAL": 37,
            "POSITION": 36,
            "TEXCOORD_0": 38
          },
          "indices": 39,
          "material": 0,
          "mode": 4
        }
      ]
    },
    {
      "name": "mat-0",
      "primitives": [
        {
          "attributes": {
            "NORMAL": 41,
            "POSITION": 40,
            "TEXCOORD_0": 42
          },
          "indices": 43,
          "material": 0,
          "mode": 4
        }
      ]
    },
    {
      "name": "mat-0",
      "primitives": [
        {
          "attributes": {
            "NORMAL": 45,
            "POSITION": 44,
            "TEXCOORD_0": 46
          },
          "indices": 47,
          "material": 0,
          "mode": 4
        }
      ]
    },
    {
      "name": "mat-0",
      "primitives": [
        {
          "attributes": {
            "NORMAL": 49,
            "POSITION": 48,
            "TEXCOORD_0": 50
          },
          "indices": 51,
          "material": 0,
          "mode": 4
        }
      ]
    }
  ],
  "nodes": [
    {
      "children": [
        1
      ],
      "matrix": [
        1.0,
        0.0,
        0.0,
        0.0,
        0.0,
        -0.4714240729808805,
        -0.8819066882133485,
        0.0,
        0.0,
        0.8819066882133485,
        -0.4714240729808805,
        0.0,
        0.0,
        -18.018321990966793,
        -10.150979042053226,
        1.0
      ],
      "name": "Sketchfab_model"
    },
    {
      "children": [
        2,
        4,
        6,
        8,
        10,
        12,
        14,
        16,
        18,
        20,
        22,
        24,
        26,
        28,
        30,
        32,
        34,
        36,
        38,
        40,
        42,
        44,
        46,
        48,
        50,
        52,
        54,
        56,
        58,
        60,
        62,
        64,
        66,
        68,
        70,
        72,
        74,
        76,
        78,
        80,
        82,
        84,
        86,
        88,
        90,
        92,
        94,
        96,
        98,
        100,
        102,
        104,
        106,
        108,
        110,
        112,
        114,
        116,
        118,
        120,
        122,
        124,
        126,
        128,
        130,
        132,
        134
      ],
      "name": "Collada visual scene group"
    },
    {
      "children": [
        3
      ],
      "matrix": [
        0.9306129042145196,
        -0.28151344232524067,
        -0.23390127041042513,
        0.0,
        0.30594520247895307,
        0.949093260176942,
        0.07496343486538001,
        0.0,
        0.20089090469588178,
        -0.14132291136576913,
        0.9693661223364334,
        0.0,
        -0.2796590030193329,
        -63.13481521606445,
        -35.54206848144531,
        1.0
      ],
      "name": "00077IMG_00077_BURST20190803150559"
    },
    {
      "name": "camera66"
    },
    {
      "children": [
        5
      ],
      "matrix": [
        0.9425462898247884,
        -0.2388173380491485,
        -0.23360815607475005,
        0.0,
        0.2617215887503612,
        0.9624491264188036,
        0.07206586596765913,
        0.0,
        0.20762538746384762,
        -0.1290657123437535,
        0.9696565063865072,
        0.0,
        0.36567801237106323,
        -61.61513900756836,
        -34.750064849853516,
        1.0
      ],
      "name": "00075IMG_00075_BURST20190803150559"
    },
    {
      "name": "camera64"
    },
    {
      "children": [
        7
      ],
      "matrix": [
        0.9542503000954615,
        -0.21990027462642642,
        -0.20260857333031085,
        0.0,
        0.2363494031246854,
        0.969775157377071,
        0.06062263419616554,
        0.0,
        0.18315382717903184,
        -0.10573558224883137,
        0.9773815336071037,
        0.0,
        0.7562130093574524,
        -60.5447883605957,
        -34.02619171142578,
        1.0
      ],
      "name": "00074IMG_00074_BURST20190803150559"
    },
    {
      "name": "camera63"
    },
    {
      "children": [
        9
      ],
      "matrix": [
        0.961713688896512,
        -0.23326743549120046,
        -0.14385090937641482,
        0.0,
        0.24743104782036915,
        0.9647360810481056,
        0.0897895901452792,
        0.0,
        0.11783317514001336,
        -0.12194505920004163,
        0.9855175013022961,
        0.0,
        1.710919976234436,
        -57.6631965637207,
        -31.998706817626953,
        1.0
      ],
      "name": "00073IMG_00073_BURST20190803150559"
    },
    {
      "name": "camera62"
    },
    {
      "children": [
        11
      ],
      "matrix": [
        0.9608513023004654,
        -0.22414845044209758,
        -0.16285652284113786,
        0.0,
        0.2361022645429644,
        0.9699995509173781,
        0.05793610185168579,
        0.0,
        0.14498446656515854,
        -0.09411877275279035,
        0.9849472884730051,
        0.0,
        2.6218149662017822,
        -55.389163970947266,
        -30.206409454345703,
        1.0
      ],
      "name": "00072IMG_00072_BURST20190803150559"
    },
    {
      "name": "camera61"
    },
    {
      "children": [
        13
      ],
      "matrix": [
        0.9699299965052854,
        -0.20661860084963465,
        -0.12862564154240885,
        0.0,
        0.2164005259031431,
        0.973985927672033,
        0.06724749129664587,
        0.0,
        0.11138498223773251,
        -0.09306001547275139,
        0.9894105413083647,
        0.0,
        2.8301849365234375,
        -54.52216339111328,
        -29.607341766357422,
        1.0
      ],
      "name": "00071IMG_00071_BURST20190803150559"
    },
    {
      "name": "camera60"
    },
    {
      "children": [
        15
      ],
      "matrix": [
        0.9743140518705546,
        -0.18694266416360195,
        -0.12555703342703217,
        0.0,
        0.1965426050419542,
        0.9780714314982438,
        0.06890050283051956,
        0.0,
        0.10992330385730108,
        -0.09180803451981075,
        0.9896909376500851,
        0.0,
        2.789094924926758,
        -54.07240676879883,
        -29.369504928588867,
        1.0
      ],
      "name": "00070IMG_00070_BURST20190803150559"
    },
    {
      "name": "camera59"
    },
    {
      "children": [
        17
      ],
      "matrix": [
        0.9916368271287409,
        -0.08830255818013033,
        -0.09412258656076267,
        0.0,
        0.09447029444661414,
        0.9935185886156112,
        0.06321532679986704,
        0.0,
        0.08793046428407841,
        -0.07157843456019879,
        0.9935515895798757,
        0.0,
        3.020540952682495,
        -51.30948257446289,
        -27.26025390625,
        1.0
      ],
      "name": "00067IMG_00067_BURST20190803150559"
    },
    {
      "name": "camera58"
    },
    {
      "children": [
        19
      ],
      "matrix": [
        0.9968785367325464,
        -0.045921986126910286,
        -0.06422113508913524,
        0.0,
        0.049582160931194455,
        0.9971643812094845,
        0.05661100744995704,
        0.0,
        0.06143933853298091,
        -0.05961852092484194,
        0.9963286805283506,
        0.0,
        3.0572750568389893,
        -48.85515213012695,
        -25.832279205322266,
        1.0
      ],
      "name": "00066IMG_00066_BURST20190803150559"
    },
    {
      "name": "camera57"
    },
    {
      "children": [
        21
      ],
      "matrix": [
        0.9971632878945809,
        0.0036769863980475755,
        -0.07517883376521466,
        0.0,
        0.0014243664332554448,
        0.9977053671123483,
        0.06769026233867267,
        0.0,
        0.07525522211470125,
        -0.06760532675938402,
        0.994869926843818,
        0.0,
        3.149219036102295,
        -45.727603912353516,
        -23.54681396484375,
        1.0
      ],
      "name": "00065IMG_00065_BURST20190803150559"
    },
    {
      "name": "camera56"
    },
    {
      "children": [
        23
      ],
      "matrix": [
        0.9970285724186405,
        0.02302482666600729,
        -0.07351110894176446,
        0.0,
        -0.018422260678300488,
        0.9978632676062785,
        0.0626858793798195,
        0.0,
        0.0747973668811168,
        -0.0611453720171924,
        0.9953223585294017,
        0.0,
        3.123900890350342,
        -44.56256866455078,
        -23.17858123779297,
        1.0
      ],
      "name": "00064IMG_00064_BURST20190803150559"
    },
    {
      "name": "camera55"
    },
    {
      "children": [
        25
      ],
      "matrix": [
        0.9976361188384449,
        0.03301814861343846,
        -0.06026587965926506,
        0.0,
        -0.02881413376343211,
        0.9971767839679218,
        0.0693412374482582,
        0.0,
        0.062385255344730044,
        -0.06744081388546237,
        0.9957709659043285,
        0.0,
        2.967895984649658,
        -44.15531539916992,
        -22.862899780273438,
        1.0
      ],
      "name": "00063IMG_00063_BURST20190803150559"
    },
    {
      "name": "camera54"
    },
    {
      "children": [
        27
      ],
      "matrix": [
        0.9979601493723975,
        0.045553071040461156,
        -0.04472647966702359,
        0.0,
        -0.04272858862291903,
        0.9971489536113859,
        0.06219511255726973,
        0.0,
        0.04743214077938429,
        -0.060157144467642365,
        0.9970613371255471,
        0.0,
        2.8042209148406982,
        -43.49391174316406,
        -22.49919319152832,
        1.0
      ],
      "name": "00062IMG_00062_BURST20190803150559"
    },
    {
      "name": "camera53"
    },
    {
      "children": [
        29
      ],
      "matrix": [
        0.9974446089277059,
        0.054360293577828324,
        -0.046359579411250657,
        0.0,
        -0.050768081327022686,
        0.9958580680751966,
        0.07542751598660775,
        0.0,
        0.05026782310214507,
        -0.07288118228781333,
        0.9960730290640852,
        0.0,
        2.7168478965759277,
        -43.03341293334961,
        -22.131393432617188,
        1.0
      ],
      "name": "00061IMG_00061_BURST20190803150559"
    },
    {
      "name": "camera52"
    },
    {
      "children": [
        31
      ],
      "matrix": [
        0.9973699246876325,
        0.056984703471288936,
        -0.044788133460498626,
        0.0,
        -0.05320231462378276,
        0.9952498125294196,
        0.08153112521501986,
        0.0,
        0.04922140842416232,
        -0.07893385984762487,
        0.9956639486906701,
        0.0,
        2.665921926498413,
        -42.534690856933594,
        -21.724882125854492,
        1.0
      ],
      "name": "00060IMG_00060_BURST20190803150559"
    },
    {
      "name": "camera51"
    },
    {
      "children": [
        33
      ],
      "matrix": [
        0.9978066951646692,
        0.04993811664910409,
        -0.04345093313268692,
        0.0,
        -0.04595832641046558,
        0.995040846889676,
        0.08821306736887438,
        0.0,
        0.0476406477507376,
        -0.08602265705392353,
        0.9951534912541247,
        0.0,
        2.6132869720458984,
        -42.06818771362305,
        -21.383697509765625,
        1.0
      ],
      "name": "00059IMG_00059_BURST20190803150559"
    },
    {
      "name": "camera50"
    },
    {
      "children": [
        35
      ],
      "matrix": [
        0.9983118181514212,
        0.039160741211777594,
        -0.04289463937309509,
        0.0,
        -0.03537835005240353,
        0.9956975610714368,
        0.08564309209715565,
        0.0,
        0.04606393477302275,
        -0.0839809694165081,
        0.9954020849330637,
        0.0,
        2.6186070442199707,
        -41.55032730102539,
        -21.0788631439209,
        1.0
      ],
      "name": "00058IMG_00058_BURST20190803150559"
    },
    {
      "name": "camera49"
    },
    {
      "children": [
        37
      ],
      "matrix": [
        0.9989271722578071,
        0.03305046512455192,
        -0.03243718976841295,
        0.0,
        -0.030542196538479373,
        0.9967163443867535,
        0.07499135325430217,
        0.0,
        0.03480917631352623,
        -0.07392019742504355,
        0.9966564732429206,
        0.0,
        2.5713179111480713,
        -41.076194763183594,
        -20.80551528930664,
        1.0
      ],
      "name": "00057IMG_00057_BURST20190803150559"
    },
    {
      "name": "camera48"
    },
    {
      "children": [
        39
      ],
      "matrix": [
        0.9979607296702924,
        -0.0015152928951265977,
        -0.06381289778234239,
        0.0,
        0.001463044501525875,
        0.9999985552085033,
        -0.0008654950563414039,
        0.0,
        0.06381411706451995,
        0.0007703689687256094,
        0.9979615047660545,
        0.0,
        2.5533580780029297,
        -38.06828689575195,
        -19.14113998413086,
        1.0
      ],
      "name": "00054IMG_00054_BURST20190803150559"
    },
    {
      "name": "camera47"
    },
    {
      "children": [
        41
      ],
      "matrix": [
        0.9976265429977487,
        0.02923164918283594,
        -0.0623441367925869,
        0.0,
        -0.029910291282588736,
        0.9995027647238446,
        -0.009979868976173662,
        0.0,
        0.06202140905970999,
        0.011820913477498442,
        0.9980048150298703,
        0.0,
        2.4281930923461914,
        -34.514137268066406,
        -17.43089485168457,
        1.0
      ],
      "name": "00053IMG_00053_BURST20190803150559"
    },
    {
      "name": "camera46"
    },
    {
      "children": [
        43
      ],
      "matrix": [
        0.99713113804213,
        0.04846986551449193,
        -0.058139192321649484,
        0.0,
        -0.04812351949607909,
        0.9988143977934723,
        0.007343407368094617,
        0.0,
        0.05842619633449687,
        -0.004524477590877957,
        0.9982814776827288,
        0.0,
        2.1696689128875732,
        -32.665279388427734,
        -16.26064682006836,
        1.0
      ],
      "name": "00052IMG_00052_BURST20190803150559"
    },
    {
      "name": "camera45"
    },
    {
      "children": [
        45
      ],
      "matrix": [
        0.9978788437715627,
        0.03918190708427809,
        -0.05198645314279631,
        0.0,
        -0.0383188002093685,
        0.9991123680051811,
        0.01749701830581514,
        0.0,
        0.05262587484919997,
        -0.015467845884884172,
        0.9984944982522627,
        0.0,
        2.109760046005249,
        -32.072513580322266,
        -15.90494441986084,
        1.0
      ],
      "name": "00051IMG_00051_BURST20190803150559"
    },
    {
      "name": "camera44"
    },
    {
      "children": [
        47
      ],
      "matrix": [
        0.9989807553262964,
        0.02839337213867702,
        -0.03508941302297669,
        0.0,
        -0.02792843539793078,
        0.9995164495965267,
        0.01367002129396536,
        0.0,
        0.03546058352489499,
        -0.012676095792808553,
        0.9992906802385008,
        0.0,
        2.08902907371521,
        -30.892576217651367,
        -15.300191879272461,
        1.0
      ],
      "name": "00050IMG_00050_BURST20190803150559"
    },
    {
      "name": "camera43"
    },
    {
      "children": [
        49
      ],
      "matrix": [
        0.9973296699668814,
        0.001820445599940863,
        -0.07300832405670558,
        0.0,
        -0.0025683128198850397,
        0.9999451788036735,
        -0.010151017512973058,
        0.0,
        0.0729858422778726,
        0.010311419160674611,
        0.9972796706350142,
        0.0,
        1.9939689636230469,
        -28.994413375854492,
        -14.473189353942871,
        1.0
      ],
      "name": "00048IMG_00048_BURST20190803150559"
    },
    {
      "name": "camera42"
    },
    {
      "children": [
        51
      ],
      "matrix": [
        0.9969185998008656,
        0.020482944332284227,
        -0.07572155810970868,
        0.0,
        -0.02125071403173612,
        0.9997304792469796,
        -0.009347513987466572,
        0.0,
        0.07550968496969654,
        0.010927847733431091,
        0.9970851867416807,
        0.0,
        2.000349998474121,
        -27.334257125854492,
        -13.324193954467773,
        1.0
      ],
      "name": "00046IMG_00046_BURST20190803150559"
    },
    {
      "name": "camera41"
    },
    {
      "children": [
        53
      ],
      "matrix": [
        0.9968285661167698,
        0.03069530850785418,
        -0.07342075870755008,
        0.0,
        -0.031246942967881955,
        0.9994913565756502,
        -0.006376259540543781,
        0.0,
        0.07318769246769957,
        0.00865021191498207,
        0.997280670375737,
        0.0,
        1.970782995223999,
        -26.83091163635254,
        -12.981951713562012,
        1.0
      ],
      "name": "00045IMG_00045_BURST20190803150559"
    },
    {
      "name": "camera40"
    },
    {
      "children": [
        55
      ],
      "matrix": [
        0.9967421771736129,
        0.03196441140489222,
        -0.07404936628185868,
        0.0,
        -0.032939079305211456,
        0.999385577939854,
        -0.011978466527438574,
        0.0,
        0.0736209840855925,
        0.014378560754219163,
        0.9971826350738896,
        0.0,
        1.9203929901123047,
        -26.33334732055664,
        -12.692276954650879,
        1.0
      ],
      "name": "00044IMG_00044_BURST20190803150559"
    },
    {
      "name": "camera39"
    },
    {
      "children": [
        57
      ],
      "matrix": [
        0.9964727269256854,
        0.043432226734320636,
        -0.07180352480336079,
        0.0,
        -0.04573382642311645,
        0.998481001773455,
        -0.030726311496469212,
        0.0,
        0.07035994324890078,
        0.03390178134517955,
        0.9969454085393217,
        0.0,
        1.965000033378601,
        -25.72289276123047,
        -12.493355751037598,
        1.0
      ],
      "name": "00043IMG_00043_BURST20190803150559"
    },
    {
      "name": "camera38"
    },
    {
      "children": [
        59
      ],
      "matrix": [
        0.9969829160634904,
        0.055476456572709554,
        -0.05429021867404315,
        0.0,
        -0.057880009142799185,
        0.9973645006135093,
        -0.043748799498895624,
        0.0,
        0.05172010846052661,
        0.04675912405190412,
        0.997566346013502,
        0.0,
        1.800583004951477,
        -25.07100486755371,
        -12.274613380432129,
        1.0
      ],
      "name": "00042IMG_00042_BURST20190803150559"
    },
    {
      "name": "camera37"
    },
    {
      "children": [
        61
      ],
      "matrix": [
        0.9969636820842225,
        0.05804597472902723,
        -0.05190454144703087,
        0.0,
        -0.06043063594471637,
        0.9971294321429597,
        -0.04561834930788207,
        0.0,
        0.04910758438761334,
        0.048616461944653314,
        0.997609585350701,
        0.0,
        1.5903270244598389,
        -24.559722900390625,
        -11.980704307556152,
        1.0
      ],
      "name": "00041IMG_00041_BURST20190803150559"
    },
    {
      "name": "camera36"
    },
    {
      "children": [
        63
      ],
      "matrix": [
        0.9967963314037027,
        0.0583367487678899,
        -0.05471651892538312,
        0.0,
        -0.061885338339660687,
        0.9959268792107789,
        -0.06557328849512005,
        0.0,
        0.050668319477810156,
        0.06874936369647806,
        0.9963464489787797,
        0.0,
        1.5109909772872925,
        -23.847488403320313,
        -11.710396766662598,
        1.0
      ],
      "name": "00040IMG_00040_BURST20190803150559"
    },
    {
      "name": "camera35"
    },
    {
      "children": [
        65
      ],
      "matrix": [
        0.9972336549019282,
        0.054098600246816626,
        -0.05097429727104868,
        0.0,
        -0.05708884569304281,
        0.9966149778739428,
        -0.059156145705720045,
        0.0,
        0.04760148346824978,
        0.0619025631832444,
        0.9969464235569364,
        0.0,
        1.4300129413604736,
        -23.24628257751465,
        -11.390907287597656,
        1.0
      ],
      "name": "00039IMG_00039_BURST20190803150559"
    },
    {
      "name": "camera34"
    },
    {
      "children": [
        67
      ],
      "matrix": [
        0.9976197585100302,
        0.0560946867571066,
        -0.040102413244232346,
        0.0,
        -0.057887741278749495,
        0.9973064062170816,
        -0.04504377346553009,
        0.0,
        0.03746767727033068,
        0.04725799652959826,
        0.9981797708448988,
        0.0,
        1.3264199495315552,
        -22.764944076538086,
        -11.059968948364258,
        1.0
      ],
      "name": "00038IMG_00038_BURST20190803150559"
    },
    {
      "name": "camera33"
    },
    {
      "children": [
        69
      ],
      "matrix": [
        0.9386315592768952,
        -0.254263496927234,
        -0.2330683806520283,
        0.0,
        0.27844899322729116,
        0.9573620509463059,
        0.0769679256482249,
        0.0,
        0.20356068898520716,
        -0.13714218001117384,
        0.9694096494060963,
        0.0,
